lambda1,lambda2,lambda3,x_opt,cov_matrix,sensitivity_norm,P_matrix,P_flattened
0.3465049292887006,0.1223007056264237,0.5311943650848757,"[0.0, 1.0, 0.499999998227694, 0.499999998227694, 0.499999998227694, 0.499999998227694, 0.499999998227694, 0.499999998227694, 0.499999998227694, 0.499999998227694, 0.499999998227694, 0.499999998227694, 0.499999998227694, 0.499999998227694, 0.499999998227694, 0.499999998227694, 0.499999998227694, 0.499999998227694, 0.499999998227694, 0.499999998227694, 0.499999998227694, 0.5000000009368977]","[[2.7755575615628914e-15, 200.00000000000017, -399.99999999992764], [200.00000000000017, 1.0000000000000107, 8.604228440844963e-12], [-399.99999999992764, 8.604228440844963e-12, -0.499999999999938]]",632.4565202445812,"[[nan, nan, nan], [nan, nan, nan], [nan, nan, nan]]","[nan, nan, nan, nan, nan, nan]"
0.2680607165449513,0.2948915756767236,0.4370477077783251,"[0.0, 0.0, 0.4999999940944349, 0.4999999940944349, 0.4999999940944349, 0.4999999940944349, 0.4999999940944349, 0.4999999940944349, 0.4999999940944349, 0.4999999940944349, 0.4999999940944349, 0.4999999940944349, 0.4999999940944349, 0.4999999940944349, 0.4999999940944349, 0.4999999940944349, 0.4999999940944349, 0.4999999940944349, 0.4999999940944349, 0.4999999940944349, 0.4999999940944349, 0.4999999940944349]","[[0.9999999999999898, -2.220446049250313e-12, 6.661338147750939e-12], [-2.220446049250313e-12, -1.6653345369377348e-14, -400.0000000000037], [6.661338147750939e-12, -400.0000000000037, -0.5000000000000115]]",565.6865298025099,"[[nan, nan, nan], [nan, nan, nan], [nan, nan, nan]]","[nan, nan, nan, nan, nan, nan]"
0.266510599570769,0.7225904095895285,0.010898990839702472,"[1.0, 0.0, 0.4999999876378753, 0.4999999876378753, 0.4999999876378753, 0.4999999876378753, 0.4999999876378753, 0.4999999876378753, 0.4999999876378753, 0.4999999876378753, 0.4999999876378753, 0.4999999876378753, 0.4999999876378753, 0.4999999876378753, 0.4999999876378753, 0.4999999876378753, 0.4999999876378753, 0.4999999876378753, 0.4999999876378753, 0.4999999876378753, 0.4999999876378753, 0.4999999876378753]","[[-1.0000000000000024, -200.00000000000028, 400.00000000000017], [-200.00000000000028, -1.0000000000000018, 400.0000000000017], [400.00000000000017, 400.0000000000017, 1.0000000000000009]]",848.5299051889705,"[[nan, nan, nan], [nan, nan, nan], [nan, nan, nan]]","[nan, nan, nan, nan, nan, nan]"
0.98736820805589,0.0024720178163333,0.010159774127776716,"[1.0, 1.0, 0.4999999958107999, 0.4999999958107999, 0.4999999958107999, 0.4999999958107999, 0.4999999958107999, 0.4999999958107999, 0.4999999958107999, 0.4999999958107999, 0.4999999958107999, 0.4999999958107999, 0.4999999958107999, 0.4999999958107999, 0.4999999958107999, 0.4999999958107999, 0.4999999958107999, 0.4999999958107999, 0.4999999958107999, 0.4999999958107999, 0.4999999958107999, 0.49999999085113667]","[[-1.0000000000000004, -200.00000000000009, 0.0], [-200.00000000000009, -1.0000000000000004, 400.0000000000006], [0.0, 400.0000000000006, 0.0]]",632.4571131705303,"[[nan, nan, nan], [nan, nan, nan], [nan, nan, nan]]","[nan, nan, nan, nan, nan, nan]"
0.1159638150759005,0.784160274692143,0.09987591023195652,"[1.0, 0.5014511684498142, 0.49999999666407396, 0.49999999666407396, 0.49999999666407396, 0.49999999666407396, 0.49999999666407396, 0.49999999666407396, 0.49999999666407396, 0.49999999666407396, 0.49999999666407396, 0.49999999666407396, 0.49999999666407396, 0.49999999666407396, 0.49999999666407396, 0.49999999666407396, 0.49999999666407396, 0.49999999666407396, 0.49999999666407396, 0.49999999666407396, 0.49999999666407396, 0.49999999666407396]","[[-1.0000000000000036, -199.99999999999855, 400.00000000000034], [-199.99999999999855, -0.9999999999999926, 399.99999999999756], [400.00000000000034, 399.99999999999756, 0.9999999999999953]]",848.5299051889659,"[[nan, nan, nan], [nan, nan, nan], [nan, nan, nan]]","[nan, nan, nan, nan, nan, nan]"
0.2765766921451664,0.2860737266410735,0.43734958121376005,"[0.0, 0.0, 0.500000002123553, 0.500000002123553, 0.500000002123553, 0.500000002123553, 0.500000002123553, 0.500000002123553, 0.500000002123553, 0.500000002123553, 0.500000002123553, 0.500000002123553, 0.500000002123553, 0.500000002123553, 0.500000002123553, 0.500000002123553, 0.500000002123553, 0.500000002123553, 0.500000002123553, 0.500000002123553, 0.500000002123553, 0.500000002123553]","[[1.0000000000000175, -1.1102230246251565e-12, 3.3306690738754696e-12], [-1.1102230246251565e-12, 5.551115123125783e-15, -400.0000000000014], [3.3306690738754696e-12, -400.0000000000014, -0.4999999999999616]]",565.6865298025067,"[[nan, nan, nan], [nan, nan, nan], [nan, nan, nan]]","[nan, nan, nan, nan, nan, nan]"
0.5199746559278374,0.3965122563457911,0.08351308772637145,"[1.0, 1.0, 0.5000000022479099, 0.5000000022479099, 0.5000000022479099, 0.5000000022479099, 0.5000000022479099, 0.5000000022479099, 0.5000000022479099, 0.5000000022479099, 0.5000000022479099, 0.5000000022479099, 0.5000000022479099, 0.5000000022479099, 0.5000000022479099, 0.5000000022479099, 0.5000000022479099, 0.5000000022479099, 0.5000000022479099, 0.5000000022479099, 0.5000000022479099, 0.5000000022479099]","[[-0.9999999999999898, -199.9999999999752, 400.00000000000256], [-199.9999999999752, -0.9999999999999953, 399.9999999999998], [400.00000000000256, 399.9999999999998, 1.000000000000005]]",848.5299051889591,"[[nan, nan, nan], [nan, nan, nan], [nan, nan, nan]]","[nan, nan, nan, nan, nan, nan]"
0.339631796976326,0.6442448283423243,0.01612337468134961,"[1.0, 0.0, 0.5000000072598961, 0.5000000072598961, 0.5000000072598961, 0.5000000072598961, 0.5000000072598961, 0.5000000072598961, 0.5000000072598961, 0.5000000072598961, 0.5000000072598961, 0.5000000072598961, 0.5000000072598961, 0.5000000072598961, 0.5000000072598961, 0.5000000072598961, 0.5000000072598961, 0.5000000072598961, 0.5000000072598961, 0.5000000072598961, 0.49999999854817223, 0.49999999854817223]","[[-0.999999999999999, -200.0000000000004, 400.0000000000012], [-200.0000000000004, -1.0000000000000013, 400.00000000000045], [400.0000000000012, 400.00000000000045, 1.0000000000000009]]",848.5299051889702,"[[nan, nan, nan], [nan, nan, nan], [nan, nan, nan]]","[nan, nan, nan, nan, nan, nan]"
0.3584639877206963,0.0319554773835037,0.6095805348958,"[0.0, 1.0, 0.5000000009265521, 0.5000000009265521, 0.5000000009265521, 0.5000000009265521, 0.5000000009265521, 0.5000000009265521, 0.5000000009265521, 0.5000000009265521, 0.5000000009265521, 0.5000000009265521, 0.5000000009265521, 0.5000000009265521, 0.5000000009265521, 0.5000000009265521, 0.5000000009265521, 0.5000000009265521, 0.5000000009265521, 0.5000000009265521, 0.5000000009265521, 0.5000000009265521]","[[3.469446951953614e-15, 199.9999999999992, -400.00000000000074], [199.9999999999992, 1.0000000000000002, -1.3877787807814457e-13], [-400.00000000000074, -1.3877787807814457e-13, -0.49999999999999833]]",632.456520244673,"[[nan, nan, nan], [nan, nan, nan], [nan, nan, nan]]","[nan, nan, nan, nan, nan, nan]"
0.2633916522719208,0.4524721677592224,0.28413617996885676,"[0.0, 0.0, 0.5000000100807513, 0.5000000100807513, 0.5000000100807513, 0.5000000100807513, 0.5000000100807513, 0.5000000100807513, 0.5000000100807513, 0.5000000100807513, 0.5000000100807513, 0.5000000100807513, 0.5000000100807513, 0.5000000100807513, 0.5000000100807513, 0.5000000100807513, 0.5000000100807513, 0.5000000100807513, 0.5000000100807513, 0.5000000100807513, 0.5000000100807513, 0.5000000100807513]","[[0.9999999999999565, -1.1102230246251565e-11, -8.881784197001252e-12], [-1.1102230246251565e-11, -4.9960036108132044e-14, -400.00000000001035], [-8.881784197001252e-12, -400.00000000001035, -0.5000000000000282]]",565.6865298025193,"[[nan, nan, nan], [nan, nan, nan], [nan, nan, nan]]","[nan, nan, nan, nan, nan, nan]"
0.0343240085266247,0.2247708505824207,0.7409051408909546,"[0.0, 0.0, 0.4999999917413432, 0.4999999917413432, 0.4999999917413432, 0.4999999917413432, 0.4999999917413432, 0.4999999917413432, 0.4999999917413432, 0.4999999917413432, 0.4999999917413432, 0.4999999917413432, 0.4999999917413432, 0.4999999917413432, 0.4999999917413432, 0.4999999917413432, 0.4999999917413432, 0.4999999917413432, 0.4999999917413432, 0.4999999917413432, 0.4999999917413432, 0.4999999917413432]","[[0.9999999999999974, -1.5265566588595902e-12, -1.5265566588595902e-12], [-1.5265566588595902e-12, -4.85722573273506e-15, -400.000000000001], [-1.5265566588595902e-12, -400.000000000001, -0.500000000000005]]",565.6865298025061,"[[nan, nan, nan], [nan, nan, nan], [nan, nan, nan]]","[nan, nan, nan, nan, nan, nan]"
0.6766136034136309,0.0325418838822281,0.290844512704141,"[0.0, 1.0, 0.49999998190428696, 0.49999998190428696, 0.49999998190428696, 0.49999998190428696, 0.49999998190428696, 0.49999998190428696, 0.49999998190428696, 0.49999998190428696, 0.49999998190428696, 0.49999998190428696, 0.49999998190428696, 0.49999998190428696, 0.49999998190428696, 0.49999998190428696, 0.49999998190428696, 0.49999998190428696, 0.49999998190428696, 0.49999998190428696, 0.49999998190428696, 0.49999998190428696]","[[-2.0122792321330962e-14, 200.00000000000003, -400.0000000000038], [200.00000000000003, 1.0000000000000306, -1.457167719820518e-11], [-400.0000000000038, -1.457167719820518e-11, -0.5000000000000202]]",632.4565202446776,"[[nan, nan, nan], [nan, nan, nan], [nan, nan, nan]]","[nan, nan, nan, nan, nan, nan]"
0.0658571740882741,0.3965464465369873,0.5375963793747387,"[0.0, 0.0, 0.4999999965909284, 0.4999999965909284, 0.4999999965909284, 0.4999999965909284, 0.4999999965909284, 0.4999999965909284, 0.4999999965909284, 0.4999999965909284, 0.4999999965909284, 0.4999999965909284, 0.4999999965909284, 0.4999999965909284, 0.4999999965909284, 0.4999999965909284, 0.4999999965909284, 0.4999999965909284, 0.4999999965909284, 0.4999999965909284, 0.4999999965909284, 0.4999999965909284]","[[1.0000000000000009, 7.2164496600635175e-12, 2.4980018054066022e-11], [7.2164496600635175e-12, 9.71445146547012e-15, -400.00000000000256], [2.4980018054066022e-11, -400.00000000000256, -0.49999999999999833]]",565.6865298025083,"[[nan, nan, nan], [nan, nan, nan], [nan, nan, nan]]","[nan, nan, nan, nan, nan, nan]"
0.2665785644442117,0.7298159344737996,0.00360550108198876,"[1.0, 0.0, 0.4999999983919094, 0.4999999983919094, 0.4999999983919094, 0.4999999983919094, 0.4999999983919094, 0.4999999983919094, 0.4999999983919094, 0.4999999983919094, 0.4999999983919094, 0.4999999983919094, 0.4999999983919094, 0.4999999983919094, 0.4999999983919094, 0.4999999983919094, 0.4999999983919094, 0.4999999983919094, 0.4999999983919094, 0.4999999983919094, 0.4999999983919094, 0.4999999983919094]","[[-1.0000000000000004, 0.0, 400.00000000000074], [0.0, -1.0000000000000036, 400.00000000000074], [400.00000000000074, 400.00000000000074, 1.0000000000000004]]",800.0018749978042,"[[nan, nan, nan], [nan, nan, nan], [nan, nan, nan]]","[nan, nan, nan, nan, nan, nan]"
0.1840781665200716,0.1109195159207859,0.7050023175591426,"[0.0, 1.0, 0.5000000055435607, 0.5000000055435607, 0.5000000055435607, 0.5000000055435607, 0.5000000055435607, 0.5000000055435607, 0.5000000055435607, 0.5000000055435607, 0.5000000055435607, 0.5000000055435607, 0.5000000055435607, 0.5000000055435607, 0.5000000055435607, 0.5000000055435607, 0.5000000055435607, 0.5000000055435607, 0.5000000055435607, 0.5000000055435607, 0.5000000055435607, 0.5000000055435607]","[[-4.163336342344337e-15, 199.99999999999824, -399.99999999997675], [199.99999999999824, 0.9999999999999926, 2.220446049250313e-12], [-399.99999999997675, 2.220446049250313e-12, -0.5000000000000073]]",632.4565202446421,"[[nan, nan, nan], [nan, nan, nan], [nan, nan, nan]]","[nan, nan, nan, nan, nan, nan]"
0.5629320869013793,0.1793806059467667,0.257687307151854,"[0.0, 1.0, 0.499999959118157, 0.499999959118157, 0.499999959118157, 0.499999959118157, 0.499999959118157, 0.499999959118157, 0.499999959118157, 0.499999959118157, 0.499999959118157, 0.499999959118157, 0.499999959118157, 0.499999959118157, 0.499999959118157, 0.499999959118157, 0.499999959118157, 0.499999959118157, 0.499999959118157, 0.499999959118157, 0.499999959118157, 0.499999959118157]","[[-5.939693181744587e-13, 199.99999999991135, -400.0000000001069], [199.99999999991135, 0.9999999999996706, 3.275157922644212e-11], [-400.0000000001069, 3.275157922644212e-11, -0.5000000000003751]]",632.4565202447518,"[[nan, nan, nan], [nan, nan, nan], [nan, nan, nan]]","[nan, nan, nan, nan, nan, nan]"
0.0637954291047677,0.7389502988944564,0.19725427200077594,"[0.0, 0.0, 0.49999997748181163, 0.49999997748181163, 0.49999997748181163, 0.49999997748181163, 0.49999997748181163, 0.49999997748181163, 0.49999997748181163, 0.49999997748181163, 0.49999997748181163, 0.49999997748181163, 0.49999997748181163, 0.49999997748181163, 0.49999997748181163, 0.49999997748181163, 0.49999997748181163, 0.49999997748181163, 0.49999997748181163, 0.49999997748181163, 0.49999997748181163, 0.49999997748181163]","[[0.999999999999955, -1.5265566588595902e-11, 2.1371793224034263e-11], [-1.5265566588595902e-11, 9.159339953157541e-14, -400.00000000004394], [2.1371793224034263e-11, -400.00000000004394, -0.4999999999997971]]",565.6865298025668,"[[nan, nan, nan], [nan, nan, nan], [nan, nan, nan]]","[nan, nan, nan, nan, nan, nan]"
0.5718775264132038,0.1052109551790672,0.322911518407729,"[0.0, 1.0, 0.5000000141847276, 0.5000000141847276, 0.5000000141847276, 0.5000000141847276, 0.5000000141847276, 0.5000000141847276, 0.5000000141847276, 0.5000000141847276, 0.5000000141847276, 0.5000000141847276, 0.5000000141847276, 0.5000000141847276, 0.5000000141847276, 0.5000000141847276, 0.5000000141847276, 0.5000000141847276, 0.5000000141847276, 0.5000000141847276, 0.5000000141847276, 0.5000000141847276]","[[-4.163336342344337e-14, 199.99999999999295, -400.000000000007], [199.99999999999295, 1.0000000000000702, -2.4945323584546486e-11], [-400.000000000007, -2.4945323584546486e-11, -0.500000000000024]]",632.456520244677,"[[nan, nan, nan], [nan, nan, nan], [nan, nan, nan]]","[nan, nan, nan, nan, nan, nan]"
0.1588068214491336,0.5551462744141497,0.28604690413671674,"[0.0, 0.0, 0.5000000000329703, 0.5000000000329703, 0.5000000000329703, 0.5000000000329703, 0.5000000000329703, 0.5000000000329703, 0.5000000000329703, 0.5000000000329703, 0.5000000000329703, 0.5000000000329703, 0.5000000000329703, 0.5000000000329703, 0.5000000000329703, 0.5000000000329703, 0.5000000000329703, 0.5000000000329703, 0.5000000000329703, 0.5000000000329703, 0.5000000000329703, 0.5000000000329703]","[[1.0000000000000342, -3.3306690738754696e-12, -6.661338147750939e-12], [-3.3306690738754696e-12, 1.1102230246251565e-14, -400.00000000000256], [-6.661338147750939e-12, -400.00000000000256, -0.49999999999999767]]",565.6865298025083,"[[nan, nan, nan], [nan, nan, nan], [nan, nan, nan]]","[nan, nan, nan, nan, nan, nan]"
0.5872703497298524,0.0732792439908505,0.3394504062792971,"[0.0, 1.0, 0.5000000091371183, 0.5000000091371183, 0.5000000091371183, 0.5000000091371183, 0.5000000091371183, 0.5000000091371183, 0.5000000091371183, 0.5000000091371183, 0.5000000091371183, 0.5000000091371183, 0.5000000091371183, 0.5000000091371183, 0.5000000091371183, 0.5000000091371183, 0.5000000091371183, 0.5000000091371183, 0.5000000091371183, 0.5000000091371183, 0.5000000091371183, 0.5000000091371183]","[[-1.2490009027033011e-14, 200.0000000000032, -400.0000000000023], [200.0000000000032, 0.9999999999999994, -4.718447854656915e-12], [-400.0000000000023, -4.718447854656915e-12, -0.5000000000000129]]",632.4565202446776,"[[nan, nan, nan], [nan, nan, nan], [nan, nan, nan]]","[nan, nan, nan, nan, nan, nan]"
0.4381090768527079,0.5159853613460627,0.04590556180122951,"[1.0, 0.0, 0.5000000036285941, 0.5000000036285941, 0.5000000036285941, 0.5000000036285941, 0.5000000036285941, 0.5000000036285941, 0.5000000036285941, 0.5000000036285941, 0.5000000036285941, 0.5000000036285941, 0.5000000036285941, 0.5000000036285941, 0.5000000036285941, 0.5000000036285941, 0.5000000036285941, 0.5000000036285941, 0.5000000036285941, 0.5000000036285941, 0.5000000036285941, 0.5000000036285941]","[[-0.9999999999999994, -200.00000000000017, 399.9999999999995], [-200.00000000000017, -1.0000000000000009, 399.9999999999998], [399.9999999999995, 399.9999999999998, 1.0000000000000107]]",848.5299051889679,"[[nan, nan, nan], [nan, nan, nan], [nan, nan, nan]]","[nan, nan, nan, nan, nan, nan]"
0.0193260697519216,0.4272380824933923,0.5534358477546861,"[0.0, 0.0, 0.4999999935384789, 0.4999999935384789, 0.4999999935384789, 0.4999999935384789, 0.4999999935384789, 0.4999999935384789, 0.4999999935384789, 0.4999999935384789, 0.4999999935384789, 0.4999999935384789, 0.4999999935384789, 0.4999999935384789, 0.4999999935384789, 0.4999999935384789, 0.4999999935384789, 0.4999999935384789, 0.4999999935384789, 0.4999999935384789, 0.49999999365811176, 0.49999999365811176]","[[1.0000000000000033, 3.2612801348363973e-12, 3.469446951953614e-13], [3.2612801348363973e-12, -1.3877787807814457e-15, -400.0000000000001], [3.469446951953614e-13, -400.0000000000001, -0.49999999999999123]]",565.6865298025048,"[[nan, nan, nan], [nan, nan, nan], [nan, nan, nan]]","[nan, nan, nan, nan, nan, nan]"
0.03504491396253,0.3187598144321725,0.6461952716052975,"[0.0, 0.0, 0.5000000095740263, 0.5000000095740263, 0.5000000095740263, 0.5000000095740263, 0.5000000095740263, 0.5000000095740263, 0.5000000095740263, 0.5000000095740263, 0.5000000095740263, 0.5000000095740263, 0.5000000095740263, 0.5000000095740263, 0.5000000095740263, 0.5000000095740263, 0.5000000095740263, 0.5000000095740263, 0.5000000095740263, 0.5000000095740263, 0.5000000095740263, 0.5000000095740263]","[[0.9999999999999939, -5.551115123125783e-13, 3.6082248300317588e-12], [-5.551115123125783e-13, -4.85722573273506e-15, -400.0000000000012], [3.6082248300317588e-12, -400.0000000000012, -0.5000000000000029]]",565.6865298025064,"[[nan, nan, nan], [nan, nan, nan], [nan, nan, nan]]","[nan, nan, nan, nan, nan, nan]"
0.779190358882628,0.0348287940920643,0.1859808470253077,"[0.0, 1.0, 0.500000006321774, 0.500000006321774, 0.500000006321774, 0.500000006321774, 0.500000006321774, 0.500000006321774, 0.500000006321774, 0.500000006321774, 0.500000006321774, 0.500000006321774, 0.500000006321774, 0.500000006321774, 0.500000006321774, 0.500000006321774, 0.500000006321774, 0.500000006321774, 0.5000000063576957, 0.5000000063576957, 0.5000000063576957, 0.5000000063576957]","[[-6.938893903907228e-16, 199.99999999999892, -400.0000000000006], [199.99999999999892, 1.0000000000000266, -6.557254739192331e-12], [-400.0000000000006, -6.557254739192331e-12, -0.499999999999989]]",632.4565202446727,"[[nan, nan, nan], [nan, nan, nan], [nan, nan, nan]]","[nan, nan, nan, nan, nan, nan]"
0.7629091415529343,0.108100879285945,0.12898997916112068,"[0.0, 1.0, 0.5000000176735826, 0.5000000176735826, 0.5000000176735826, 0.5000000176735826, 0.5000000176735826, 0.5000000176735826, 0.5000000176735826, 0.5000000176735826, 0.5000000176735826, 0.5000000176735826, 0.5000000176735826, 0.5000000176735826, 0.5000000176735826, 0.5000000176735826, 0.5000000176735826, 0.5000000176735826, 0.5000000176735826, 0.5000000176735826, 0.5000000176735826, 0.5000000176735826]","[[1.0889099875174821, 217.7819975034953, -617.7819975035151], [217.7819975034953, 1.0889099875174861, -17.78199750352368], [-617.7819975035151, -17.78199750352368, -0.4999999999965074]]",926.715819478897,"[[nan, nan, nan], [nan, nan, nan], [nan, nan, nan]]","[nan, nan, nan, nan, nan, nan]"
0.5739657752693629,0.0357598695854132,0.3902743551452239,"[0.0, 1.0, 0.49999999342152784, 0.49999999342152784, 0.49999999342152784, 0.49999999342152784, 0.49999999342152784, 0.49999999342152784, 0.49999999342152784, 0.49999999342152784, 0.49999999342152784, 0.49999999342152784, 0.49999999342152784, 0.49999999342152784, 0.49999999342152784, 0.49999999342152784, 0.49999999342152784, 0.49999999342152784, 0.49999999342152784, 0.49999999342152784, 0.49999999342152784, 0.49999998134996326]","[[0.0, 199.99999999999935, -400.00000000000074], [199.99999999999935, 0.9999999999999967, -1.1102230246251565e-12], [-400.00000000000074, -1.1102230246251565e-12, -0.5000000000000022]]",632.4565202446731,"[[nan, nan, nan], [nan, nan, nan], [nan, nan, nan]]","[nan, nan, nan, nan, nan, nan]"
0.6860790890083943,0.2319688302207574,0.08195208077084828,"[1.0, 0.7882577634648036, 0.49999999634613684, 0.49999999634613684, 0.49999999634613684, 0.49999999634613684, 0.49999999634613684, 0.49999999634613684, 0.49999999634613684, 0.49999999634613684, 0.49999999634613684, 0.49999999634613684, 0.49999999634613684, 0.49999999634613684, 0.49999999634613684, 0.49999999634613684, 0.49999999634613684, 0.49999999634613684, 0.49999999634613684, 0.49999999634613684, 0.49999999634613684, 0.49999999634613684]","[[-0.9999999999999981, -200.0000000000007, 399.9999999999992], [-200.0000000000007, -0.9999999999999953, 400.00000000000034], [399.9999999999992, 400.00000000000034, 0.9999999999999981]]",848.5299051889684,"[[nan, nan, nan], [nan, nan, nan], [nan, nan, nan]]","[nan, nan, nan, nan, nan, nan]"
0.2163009893112417,0.355012379036345,0.4286866316524132,"[0.0, 0.0, 0.5000000050096459, 0.5000000050096459, 0.5000000050096459, 0.5000000050096459, 0.5000000050096459, 0.5000000050096459, 0.5000000050096459, 0.5000000050096459, 0.5000000050096459, 0.5000000050096459, 0.5000000050096459, 0.5000000050096459, 0.5000000050096459, 0.5000000050096459, 0.5000000050096459, 0.5000000050096459, 0.5000000050096459, 0.5000000050096459, 0.5000000050096459, 0.5000000050096459]","[[1.000000000000012, 0.0, -5.551115123125783e-12], [0.0, 0.0, -399.9999999999959], [-5.551115123125783e-12, -399.9999999999959, -0.5000000000000032]]",565.6865298024989,"[[nan, nan, nan], [nan, nan, nan], [nan, nan, nan]]","[nan, nan, nan, nan, nan, nan]"
0.1410818414668651,0.0432300378792773,0.8156881206538577,"[0.0, 1.0, 0.5000000017178994, 0.5000000017178994, 0.5000000017178994, 0.5000000017178994, 0.5000000017178994, 0.5000000017178994, 0.5000000017178994, 0.5000000017178994, 0.5000000017178994, 0.5000000017178994, 0.5000000017178994, 0.5000000017178994, 0.5000000017178994, 0.5000000017178994, 0.5000000017178994, 0.5000000017178994, 0.5000000017178994, 0.5000000017178994, 0.5000000017178994, 0.5000000017178994]","[[6.938893903907228e-16, 199.99999999999974, -400.00000000000017], [199.99999999999974, 1.0000000000000218, -4.440892098500626e-12], [-400.00000000000017, -4.440892098500626e-12, -0.4999999999999963]]",632.4565202446727,"[[nan, nan, nan], [nan, nan, nan], [nan, nan, nan]]","[nan, nan, nan, nan, nan, nan]"
0.4828554794935342,0.0181629544489068,0.49898156605755895,"[0.0, 1.0, 0.4999999935813521, 0.4999999935813521, 0.4999999935813521, 0.4999999935813521, 0.4999999935813521, 0.4999999935813521, 0.4999999935813521, 0.4999999935813521, 0.4999999935813521, 0.4999999935813521, 0.4999999935813521, 0.4999999935813521, 0.4999999935813521, 0.4999999935813521, 0.4999999935813521, 0.4999999935813521, 0.4999999935813521, 0.4999999935813521, 0.4999999935813521, 0.4999999935813521]","[[1.5959455978986625e-14, 199.99999999999656, -400.0000000000039], [199.99999999999656, 1.000000000000001, -1.0061396160665481e-12], [-400.0000000000039, -1.0061396160665481e-12, -0.5000000000000002]]",632.4565202446754,"[[nan, nan, nan], [nan, nan, nan], [nan, nan, nan]]","[nan, nan, nan, nan, nan, nan]"
0.6670026201832373,0.0841125643844976,0.2488848154322651,"[0.0, 1.0, 0.5000000111800676, 0.5000000111800676, 0.5000000111800676, 0.5000000111800676, 0.5000000111800676, 0.5000000111800676, 0.5000000111800676, 0.5000000111800676, 0.5000000111800676, 0.5000000111800676, 0.5000000111800676, 0.5000000111800676, 0.5000000111800676, 0.5000000111800676, 0.5000000111800676, 0.5000000111800676, 0.5000000140161025, 0.5000000140161025, 0.5000000140161025, 0.5000000111800676]","[[-2.0816681711721685e-14, 200.00000000009038, -400.0000000000045], [200.00000000009038, 0.9999999999999772, -2.4980018054066022e-12], [-400.0000000000045, -2.4980018054066022e-12, -0.4999999999997923]]",632.4565202447354,"[[nan, nan, nan], [nan, nan, nan], [nan, nan, nan]]","[nan, nan, nan, nan, nan, nan]"
0.0043902707576043,0.1567195616214242,0.8388901676209715,"[0.0, 0.0, 0.4999999984141423, 0.4999999984141423, 0.4999999984141423, 0.4999999984141423, 0.4999999984141423, 0.4999999984141423, 0.4999999984141423, 0.4999999984141423, 0.4999999984141423, 0.4999999984141423, 0.4999999984141423, 0.4999999984141423, 0.4999999984141423, 0.4999999984141423, 0.4999999984141423, 0.4999999984141423, 0.4999999984141423, 0.4999999984141423, 0.4999999984141423, 0.5000000124669599]","[[1.00000000000001, -2.0469737016526324e-12, -1.6306400674181987e-12], [-2.0469737016526324e-12, 8.673617379884035e-17, 0.0], [-1.6306400674181987e-12, 0.0, 0.0]]",1.00000000000001,"[[nan, nan, nan], [nan, nan, nan], [nan, nan, nan]]","[nan, nan, nan, nan, nan, nan]"
0.3448523224767773,0.0250998978683986,0.6300477796548242,"[0.0, 1.0, 0.4999999958777513, 0.4999999958777513, 0.4999999958777513, 0.4999999958777513, 0.4999999958777513, 0.4999999958777513, 0.4999999958777513, 0.4999999958777513, 0.4999999958777513, 0.4999999958777513, 0.4999999958777513, 0.4999999958777513, 0.4999999958777513, 0.4999999958777513, 0.4999999958777513, 0.4999999958777513, 0.4999999958777513, 0.4999999958777513, 0.4999999958777513, 0.4999999958777513]","[[7.28583859910259e-15, 199.99999999999844, -400.0000000000019], [199.99999999999844, 1.0000000000000009, -2.7755575615628914e-13], [-400.0000000000019, -2.7755575615628914e-13, -0.5000000000000011]]",632.456520244674,"[[nan, nan, nan], [nan, nan, nan], [nan, nan, nan]]","[nan, nan, nan, nan, nan, nan]"
0.3948105493214585,0.1463037736502091,0.4588856770283325,"[0.0, 1.0, 0.4999999808721668, 0.4999999808721668, 0.4999999808721668, 0.4999999808721668, 0.4999999808721668, 0.4999999808721668, 0.4999999808721668, 0.4999999808721668, 0.4999999808721668, 0.4999999808721668, 0.4999999808721668, 0.4999999808721668, 0.4999999808721668, 0.4999999808721668, 0.4999999808721668, 0.4999999808721668, 0.4999999808721668, 0.4999999808721668, 0.4999999808721668, 0.4999999808721668]","[[-1.0547118733938987e-13, 199.99999999998352, -400.00000000002143], [199.99999999998352, 0.9999999999998954, -2.1094237467877974e-11], [-400.00000000002143, -2.1094237467877974e-11, -0.5000000000001059]]",632.4565202446893,"[[nan, nan, nan], [nan, nan, nan], [nan, nan, nan]]","[nan, nan, nan, nan, nan, nan]"
0.1393454759034275,0.4182863626872927,0.4423681614092798,"[0.0, 0.0, 0.49999999899053066, 0.49999999899053066, 0.49999999899053066, 0.49999999899053066, 0.49999999899053066, 0.49999999899053066, 0.49999999899053066, 0.49999999899053066, 0.49999999899053066, 0.49999999899053066, 0.49999999899053066, 0.49999999899053066, 0.49999999899053066, 0.49999999899053066, 0.49999999899053066, 0.49999999899053066, 0.49999999899053066, 0.49999999899053066, 0.49999999899053066, 0.49999999899053066]","[[1.000000000000012, 1.6653345369377348e-11, -2.220446049250313e-12], [1.6653345369377348e-11, 1.1102230246251565e-14, -400.00000000000256], [-2.220446049250313e-12, -400.00000000000256, -0.5000000000000004]]",565.6865298025083,"[[nan, nan, nan], [nan, nan, nan], [nan, nan, nan]]","[nan, nan, nan, nan, nan, nan]"
0.7136516545219818,0.2407599290038085,0.04558841647420975,"[1.0, 0.802057545468116, 0.49999998918289323, 0.49999998918289323, 0.49999998918289323, 0.49999998918289323, 0.49999998918289323, 0.49999998918289323, 0.49999998918289323, 0.49999998918289323, 0.49999998918289323, 0.49999998918289323, 0.49999998918289323, 0.49999998918289323, 0.49999998918289323, 0.49999998918289323, 0.49999998918289323, 0.49999998918289323, 0.49999998918289323, 0.49999998918289323, 0.49999998918289323, 0.49999998918289323]","[[-0.9999999999999988, -200.0000000000028, 399.9999999999966], [-200.0000000000028, -1.0000000000000016, 399.9999999999952], [399.9999999999966, 399.9999999999952, 0.9999999999999877]]",848.5299051889622,"[[nan, nan, nan], [nan, nan, nan], [nan, nan, nan]]","[nan, nan, nan, nan, nan, nan]"
0.5863638448071924,0.3306390404772738,0.08299711471553378,"[1.0, 0.0, 0.4999999963547557, 0.4999999963547557, 0.4999999963547557, 0.4999999963547557, 0.4999999963547557, 0.4999999963547557, 0.4999999963547557, 0.4999999963547557, 0.4999999963547557, 0.4999999963547557, 0.4999999963547557, 0.4999999963547557, 0.4999999963547557, 0.4999999963547557, 0.4999999963547557, 0.4999999963547557, 0.4999999963547557, 0.4999999963547557, 0.4999999963547557, 0.4999999963547557]","[[-0.9999999999999953, -199.9999999999996, 400.0000000000014], [-199.9999999999996, -0.9999999999999953, 399.9999999999998], [400.0000000000014, 399.9999999999998, 1.0000000000000244]]",848.5299051889696,"[[nan, nan, nan], [nan, nan, nan], [nan, nan, nan]]","[nan, nan, nan, nan, nan, nan]"
0.7343966465304773,0.0954353159905196,0.17016803747900308,"[0.0, 1.0, 0.5000001256289428, 0.5000001256289428, 0.5000001256289428, 0.5000001256289428, 0.5000001256289428, 0.5000001256289428, 0.5000001256289428, 0.5000001256289428, 0.5000001256289428, 0.5000001256289428, 0.5000001256289428, 0.5000001256289428, 0.5000001256289428, 0.5000001256289428, 0.5000001256289428, 0.5000001256289428, 0.5000001256289428, 0.5000001256289428, 0.5000001256289428, 0.5000001256289428]","[[-1.2184697695261093e-12, 199.99999999918305, -400.00000000095844], [199.99999999918305, 0.9999999999969894, -4.218847493575595e-10], [-400.00000000095844, -4.218847493575595e-10, -0.5000000000029494]]",632.4565202453683,"[[nan, nan, nan], [nan, nan, nan], [nan, nan, nan]]","[nan, nan, nan, nan, nan, nan]"
0.4161726645719781,0.2319713041733196,0.35185603125470233,"[0.0, 1.0, 0.5000000506260129, 0.5000000506260129, 0.5000000506260129, 0.5000000506260129, 0.5000000506260129, 0.5000000506260129, 0.5000000506260129, 0.5000000506260129, 0.5000000506260129, 0.5000000506260129, 0.5000000506260129, 0.5000000506260129, 0.5000000506260129, 0.5000000506260129, 0.5000000506260129, 0.5000000506260129, 0.5000000506260129, 0.5000000506260129, 0.5000000506260129, 0.5000000506260129]","[[-1.1379786002407855e-12, 199.99999999993688, -400.0000000000969], [199.99999999993688, 10.988472708137076, 2797.6945416274134], [-400.0000000000969, 2797.6945416274134, -0.5000000000011856]]",4006.783060390992,"[[nan, nan, nan], [nan, nan, nan], [nan, nan, nan]]","[nan, nan, nan, nan, nan, nan]"
0.7549552314602567,0.1088324389562416,0.1362123295835017,"[0.0, 1.0, 0.4999999866010006, 0.4999999866010006, 0.4999999866010006, 0.4999999866010006, 0.4999999866010006, 0.4999999866010006, 0.4999999866010006, 0.4999999866010006, 0.4999999866010006, 0.4999999866010006, 0.4999999866010006, 0.4999999866010006, 0.4999999866010006, 0.4999999866010006, 0.4999999866010006, 0.4999999866010006, 0.4999999866010006, 0.4999999866010006, 0.4999999866010006, 0.4999999866010006]","[[9.81159598012482e-13, 199.9999999998095, -399.99999999895977], [199.9999999998095, 1.7379890627259753, -147.597812544793], [-399.99999999895977, -147.597812544793, -0.4999999999996618]]",666.0131373630562,"[[nan, nan, nan], [nan, nan, nan], [nan, nan, nan]]","[nan, nan, nan, nan, nan, nan]"
0.3046333566062486,0.3609717014473498,0.3343949419464016,"[0.0, 0.0, 0.5000000015125523, 0.5000000015125523, 0.5000000015125523, 0.5000000015125523, 0.5000000015125523, 0.5000000015125523, 0.5000000015125523, 0.5000000015125523, 0.5000000015125523, 0.5000000015125523, 0.5000000015125523, 0.5000000015125523, 0.5000000015125523, 0.5000000015125523, 0.5000000015125523, 0.5000000015125523, 0.5000000015125523, 0.5000000015125523, 0.5000000015125523, 0.5000000015125523]","[[1.0000000000000175, 5.551115123125783e-12, 1.1102230246251565e-12], [5.551115123125783e-12, 0.0, -400.00000000000034], [1.1102230246251565e-12, -400.00000000000034, -0.4999999999999727]]",565.6865298025051,"[[nan, nan, nan], [nan, nan, nan], [nan, nan, nan]]","[nan, nan, nan, nan, nan, nan]"
0.5887994842973384,0.1997903398155203,0.21141017588714128,"[1.0, 1.0, 0.49999999882734825, 0.49999999882734825, 0.49999999882734825, 0.49999999882734825, 0.49999999882734825, 0.49999999882734825, 0.49999999882734825, 0.49999999882734825, 0.49999999882734825, 0.49999999882734825, 0.49999999882734825, 0.49999999882734825, 0.49999999882734825, 0.49999999882734825, 0.49999999882734825, 0.49999999882734825, 0.49999999882734825, 0.49999999882734825, 0.49999999882734825, 0.49999999882734825]","[[-0.9999999999999981, -200.0000000000007, -664.7934428647889], [-200.0000000000007, -0.9999999999999981, 400.000000000002], [-664.7934428647889, 400.000000000002, -1.6619836071619543]]",1133.0954970970245,"[[nan, nan, nan], [nan, nan, nan], [nan, nan, nan]]","[nan, nan, nan, nan, nan, nan]"
0.5779034804657412,0.0027646476242453,0.4193318719100135,"[0.0, 1.0, 0.4999999944062314, 0.4999999944062314, 0.4999999944062314, 0.4999999944062314, 0.4999999944062314, 0.4999999944062314, 0.4999999944062314, 0.4999999944062314, 0.4999999944062314, 0.4999999944062314, 0.4999999944062314, 0.4999999944062314, 0.4999999944062314, 0.4999999944062314, 0.4999999944062314, 0.4999999944062314, 0.5000000079815328, 0.5000000079815328, 0.5000000079815328, 0.5000000079815328]","[[3.469446951953614e-16, 200.00000000000054, 0.0], [200.00000000000054, 1.0000000000000002, 2.7755575615628914e-13], [0.0, 2.7755575615628914e-13, 0.0]]",282.8444802360485,"[[nan, nan, nan], [nan, nan, nan], [nan, nan, nan]]","[nan, nan, nan, nan, nan, nan]"
0.1814847660247539,0.232082728080335,0.586432505894911,"[0.0, 0.0, 0.49999999410282353, 0.49999999410282353, 0.49999999410282353, 0.49999999410282353, 0.49999999410282353, 0.49999999410282353, 0.49999999410282353, 0.49999999410282353, 0.49999999410282353, 0.49999999410282353, 0.49999999410282353, 0.49999999410282353, 0.49999999410282353, 0.49999999410282353, 0.49999999410282353, 0.49999999410282353, 0.49999999410282353, 0.49999999410282353, 0.49999999410282353, 0.49999999410282353]","[[0.9999999999999953, 6.661338147750939e-12, 3.3306690738754696e-12], [6.661338147750939e-12, 1.3877787807814457e-14, -400.0000000000064], [3.3306690738754696e-12, -400.0000000000064, -0.49999999999998934]]",565.6865298025137,"[[nan, nan, nan], [nan, nan, nan], [nan, nan, nan]]","[nan, nan, nan, nan, nan, nan]"
0.1438768042658312,0.4248596736503363,0.43126352208383256,"[0.0, 0.0, 0.5000000038601304, 0.5000000038601304, 0.5000000038601304, 0.5000000038601304, 0.5000000038601304, 0.5000000038601304, 0.5000000038601304, 0.5000000038601304, 0.5000000038601304, 0.5000000038601304, 0.5000000038601304, 0.5000000038601304, 0.5000000038601304, 0.5000000038601304, 0.5000000038601304, 0.5000000038601304, 0.5000000038601304, 0.5000000038601304, 0.5000000038601304, 0.5000000038601304]","[[1.0000000000000009, 3.3306690738754696e-12, -1.1102230246251565e-12], [3.3306690738754696e-12, 5.828670879282072e-14, -400.00000000000756], [-1.1102230246251565e-12, -400.00000000000756, -0.4999999999999921]]",565.6865298025153,"[[nan, nan, nan], [nan, nan, nan], [nan, nan, nan]]","[nan, nan, nan, nan, nan, nan]"
0.2706353126082443,0.0077160275602343,0.7216486598315214,"[0.0, 1.0, 0.500000003459526, 0.500000003459526, 0.500000003459526, 0.500000003459526, 0.500000003459526, 0.500000003459526, 0.500000003459526, 0.500000003459526, 0.500000003459526, 0.500000003459526, 0.500000003459526, 0.500000003459526, 0.500000003459526, 0.500000003459526, 0.500000003459526, 0.500000003459526, 0.5000000014132242, 0.5000000014132242, 0.5000000014132242, 0.5000000014132242]","[[8.673617379884035e-17, 199.9999999999999, 0.0], [199.9999999999999, 1.0000000000000004, 1.0408340855860843e-13], [0.0, 1.0408340855860843e-13, -0.4999999999999997]]",282.84492217467846,"[[nan, nan, nan], [nan, nan, nan], [nan, nan, nan]]","[nan, nan, nan, nan, nan, nan]"
0.4226288228104967,0.4356342419300146,0.14173693525948877,"[1.0, 0.33512326450052465, 0.5000000030831273, 0.5000000030831273, 0.5000000030831273, 0.5000000030831273, 0.5000000030831273, 0.5000000030831273, 0.5000000030831273, 0.5000000030831273, 0.5000000030831273, 0.5000000030831273, 0.5000000030831273, 0.5000000030831273, 0.5000000030831273, 0.5000000030831273, 0.5000000030831273, 0.5000000030831273, 0.5000000030831273, 0.5000000030831273, 0.5000000030831273, 0.5000000030831273]","[[-1.0000000000000036, -200.00000000000077, 399.9999999999998], [-200.00000000000077, -0.999999999999987, 399.9999999999987], [399.9999999999998, 399.9999999999987, 0.9999999999999981]]",848.5299051889675,"[[nan, nan, nan], [nan, nan, nan], [nan, nan, nan]]","[nan, nan, nan, nan, nan, nan]"
0.820787007497336,0.0780253615891641,0.10118763091349989,"[1.0, 1.0, 0.5000000013548602, 0.5000000013548602, 0.5000000013548602, 0.5000000013548602, 0.5000000013548602, 0.5000000013548602, 0.5000000013548602, 0.5000000013548602, 0.5000000013548602, 0.5000000013548602, 0.5000000013548602, 0.5000000013548602, 0.5000000013548602, 0.5000000013548602, 0.5000000013548602, 0.5000000013548602, 0.5000000013548602, 0.5000000013548602, 0.5000000013548602, 0.5000000013548602]","[[-0.9999999999999981, -199.9999999999996, 399.9999999999998], [-199.9999999999996, -0.9999999999999856, 399.99999999999727], [399.9999999999998, 399.99999999999727, -2.8162269324335507]]",848.5339893805846,"[[nan, nan, nan], [nan, nan, nan], [nan, nan, nan]]","[nan, nan, nan, nan, nan, nan]"
0.0543208259495667,0.5410216732745412,0.40465750077589213,"[0.0, 0.0, 0.5000000067335966, 0.5000000067335966, 0.5000000067335966, 0.5000000067335966, 0.5000000067335966, 0.5000000067335966, 0.5000000067335966, 0.5000000067335966, 0.5000000067335966, 0.5000000067335966, 0.5000000067335966, 0.5000000067335966, 0.5000000067335966, 0.5000000067335966, 0.5000000067335966, 0.5000000067335966, 0.5000000067335966, 0.5000000067335966, 0.5000000067335966, 0.5000000067335966]","[[0.9999999999999981, 1.3877787807814457e-12, -1.6653345369377348e-12], [1.3877787807814457e-12, -4.85722573273506e-15, -399.99999999999994], [-1.6653345369377348e-12, -399.99999999999994, -0.49999999999999906]]",565.6865298025045,"[[nan, nan, nan], [nan, nan, nan], [nan, nan, nan]]","[nan, nan, nan, nan, nan, nan]"
0.4410106220403281,0.1032033701639244,0.45578600779574757,"[0.0, 1.0, 0.49999999716930227, 0.49999999716930227, 0.49999999716930227, 0.49999999716930227, 0.49999999716930227, 0.49999999716930227, 0.49999999716930227, 0.49999999716930227, 0.49999999716930227, 0.49999999716930227, 0.49999999716930227, 0.49999999716930227, 0.49999999716930227, 0.49999999716930227, 0.49999999716930216, 0.49999999716930216, 0.49999999716930216, 0.49999999716930216, 0.49999999716930216, 0.49999999716930216]","[[4.718447854656915e-14, 199.99999999999127, -400.0000000000098], [199.99999999999127, 1.000000000000012, 2.220446049250313e-12], [-400.0000000000098, 2.220446049250313e-12, -0.4999999999998353]]",632.4565202446795,"[[nan, nan, nan], [nan, nan, nan], [nan, nan, nan]]","[nan, nan, nan, nan, nan, nan]"
0.1745954822411462,0.7313203418077975,0.09408417595105634,"[1.0, 0.9933128173944187, 0.49999998674219426, 0.49999998674219426, 0.49999998674219426, 0.49999998674219426, 0.49999998674219426, 0.49999998674219426, 0.49999998674219426, 0.49999998674219426, 0.49999998674219426, 0.49999998674219426, 0.49999998674219426, 0.49999998674219426, 0.49999998674219426, 0.49999998674219426, 0.49999998674219426, 0.49999998674219426, 0.49999998674219426, 0.49999998674219426, 0.49999998674219426, 0.49999998674219426]","[[-1.000000000000023, -200.0000000000096, 399.99999999999034], [-200.0000000000096, -1.0000000000000286, 399.9999999999915], [399.99999999999034, 399.9999999999915, 1.0000000000000273]]",848.5299051889559,"[[nan, nan, nan], [nan, nan, nan], [nan, nan, nan]]","[nan, nan, nan, nan, nan, nan]"
