lambda1,lambda2,lambda3,x_opt,cov_matrix,sensitivity_norm,P_matrix,P_flattened
0.5757342548156789,0.4010163557839793,0.02324938940034172,-2.0,"[[-11.99155159532026, -12880.943125144951, 25761.886250290187], [-12880.943125144951, -64.40471562572512, 4796.620638128245], [25761.886250290187, 4796.620638128245, 38.198133610522866]]",41294.162394781306,"[[nan, nan, nan], [nan, nan, nan], [nan, nan, nan]]","[nan, nan, nan, nan, nan, nan]"
0.13162795182161172,0.4351923034567421,0.4331797447216463,-1.7076083579264185,"[[4.970501221930235, -5897.681711480871, 11453.27015556475], [-5897.681711480871, -29.61890919164194, -1900.149330435532], [11453.27015556475, -1900.149330435532, 11.706701604319747]]",18415.815693066874,"[[nan, nan, nan], [nan, nan, nan], [nan, nan, nan]]","[nan, nan, nan, nan, nan, nan]"
0.24794541026134148,0.46005471934479636,0.29199987039386216,-1.8453300538847843,"[[-0.9956899121810636, -8796.711834242287, 16798.782905301974], [-8796.711834242287, -44.20093860792935, 569.4876290332118], [16798.782905301974, 569.4876290332118, 20.902003926269508]]",26829.34058667325,"[[nan, nan, nan], [nan, nan, nan], [nan, nan, nan]]","[nan, nan, nan, nan, nan, nan]"
0.9223596842903483,0.04152028891393499,0.03612002679571669,2.0,"[[-34.67945381009159, 4172.992378188951, -8345.984756377973], [4172.992378188951, 20.864961890944755, 13871.781524036582], [-8345.984756377973, 13871.781524036582, 6.907245959573327]]",23643.032481190658,"[[nan, nan, nan], [nan, nan, nan], [nan, nan, nan]]","[nan, nan, nan, nan, nan, nan]"
0.24504766927126817,0.3444187880012821,0.41053354272744985,-1.627728093675547,"[[6.859881852090055, -4681.762208469208, 9090.004843839451], [-4681.762208469208, -23.54008628699571, -2671.241602704093], [9090.004843839451, -2671.241602704093, 7.899533489425181]]",14945.430668657742,"[[nan, nan, nan], [nan, nan, nan], [nan, nan, nan]]","[nan, nan, nan, nan, nan, nan]"
0.4039315349042013,0.14555117885576266,0.45051728624003606,-1.4067897921263182,"[[8.151878145224067, -2475.5048180407966, 4846.535326631205], [-2475.5048180407966, -12.486912478630963, -3251.0269999163907], [4846.535326631205, -3251.0269999163907, 2.0423456509588434]]",8965.078761979838,"[[nan, nan, nan], [nan, nan, nan], [nan, nan, nan]]","[nan, nan, nan, nan, nan, nan]"
0.09910774889747592,0.5109925377469156,0.38989971335560847,-1.809532454980709,"[[0.9784408756862817, -7899.48041673707, 15268.348831227562], [-7899.48041673707, -39.653793618762734, -270.6472788358383], [15268.348831227562, -270.6472788358383, 18.247972416927283]]",24314.541740308327,"[[nan, nan, nan], [nan, nan, nan], [nan, nan, nan]]","[nan, nan, nan, nan, nan, nan]"
0.6686182757099127,0.05234499954660186,0.2790367247434854,-1.1913715168708976,"[[6.309048532623507, -1423.9695638972448, 2804.3285508131353], [-1423.9695638972448, -7.2749267245376, -2584.1663051277305], [2804.3285508131353, -2584.1663051277305, 0.4013218269594887]]",5756.719530639762,"[[nan, nan, nan], [nan, nan, nan], [nan, nan, nan]]","[nan, nan, nan, nan, nan, nan]"
0.6095385151610274,0.07532910750283658,0.3151323773361359,-1.2647519884064569,"[[7.11970959479622, -1699.0433889392518, 3330.437787372791], [-1699.0433889392518, -8.64035399982761, -2882.0096859045916], [3330.437787372791, -2882.0096859045916, 0.6698722655205991]]",6676.017828026231,"[[nan, nan, nan], [nan, nan, nan], [nan, nan, nan]]","[nan, nan, nan, nan, nan, nan]"
0.06473260577629444,0.34918975836875865,0.586077635854947,-1.5844342599790937,"[[7.519401038071116, -4109.683009702288, 8053.983414661694], [-4109.683009702288, -20.63851337701106, -2965.032280740267], [8053.983414661694, -2965.032280740267, 6.309978145542239]]",13457.178074354104,"[[nan, nan, nan], [nan, nan, nan], [nan, nan, nan]]","[nan, nan, nan, nan, nan, nan]"
0.5891512873990055,0.3377291523507626,0.07311956025023195,-2.0,"[[-11.99155159532026, -12880.943125145022, 25761.886250290117], [-12880.943125145022, -64.40471562572529, 4796.620638128208], [25761.886250290117, 4796.620638128208, 38.19813361052269]]",41294.162394781255,"[[nan, nan, nan], [nan, nan, nan], [nan, nan, nan]]","[nan, nan, nan, nan, nan, nan]"
0.8724425466836573,0.05430873180084591,0.07324872151549693,2.0,"[[-34.67945381009159, 4172.992378188951, -8345.984756377973], [4172.992378188951, 20.864961890944844, 13861.016460805295], [-8345.984756377973, 13861.016460805295, 6.907245959573194]]",23630.40190641839,"[[nan, nan, nan], [nan, nan, nan], [nan, nan, nan]]","[nan, nan, nan, nan, nan, nan]"
0.6494460525131223,0.23862449554806858,0.11192945193880931,-1.630575914277191,"[[6.717605847642716, -4909.015402106967, 8863.16653781801], [-4909.015402106967, -25.032008823663343, -2414.2322175986483], [8863.16653781801, -2414.2322175986483, 7.607881986688092]]",14729.768178725202,"[[nan, nan, nan], [nan, nan, nan], [nan, nan, nan]]","[nan, nan, nan, nan, nan, nan]"
0.04075066135259467,0.6394188296875352,0.31983050895987025,-2.0,"[[-11.99155159532026, -12880.943125145022, 25761.886250290045], [-12880.943125145022, -64.40471562572547, 4796.6206381281745], [25761.886250290045, 4796.6206381281745, 38.19813361052269]]",41294.16239478116,"[[nan, nan, nan], [nan, nan, nan], [nan, nan, nan]]","[nan, nan, nan, nan, nan, nan]"
0.5755860355417438,0.4045699518396331,0.019844012618623126,-2.0,"[[-11.99155159532026, -12880.943125145093, 25761.886250289976], [-12880.943125145093, -64.40471562572529, 4796.620638128066], [25761.886250289976, 4796.620638128066, 38.19813361052233]]",41294.16239478109,"[[nan, nan, nan], [nan, nan, nan], [nan, nan, nan]]","[nan, nan, nan, nan, nan, nan]"
0.336318664879474,0.5706016966174726,0.09307963850305334,-2.0,"[[-11.991551595319905, -12880.943125145093, 25761.886250290117], [-12880.943125145093, -64.40471562572476, 4796.620638128033], [25761.886250290117, 4796.620638128033, 38.19813361052269]]",41294.16239478126,"[[nan, nan, nan], [nan, nan, nan], [nan, nan, nan]]","[nan, nan, nan, nan, nan, nan]"
0.7316042175640338,0.2317020366628285,0.036693745773137616,-1.8213156859595603,"[[-2.2435363788599005, -10479.49310111278, 14560.372024236265], [-10479.49310111278, -53.52708295741424, 2469.9708427968226], [14560.372024236265, 2469.9708427968226, 15.69745893064689]]",25609.628009826305,"[[nan, nan, nan], [nan, nan, nan], [nan, nan, nan]]","[nan, nan, nan, nan, nan, nan]"
0.4094198412846804,0.31904264689762335,0.27153751181769625,-1.6649690261956298,"[[6.0690396055297136, -5261.068735164346, 10055.166100286942], [-5261.068735164346, -26.508817410221397, -2302.5426379044234], [10055.166100286942, -2302.5426379044234, 9.42629402796733]]",16376.038980332332,"[[nan, nan, nan], [nan, nan, nan], [nan, nan, nan]]","[nan, nan, nan, nan, nan, nan]"
0.09759942792689402,0.4370977913817052,0.4653027806914008,-1.693854399819678,"[[5.370368047702989, -5661.821064448027, 11019.351821581828], [-5661.821064448027, -28.429453568340612, -2069.1448733370166], [11019.351821581828, -2069.1448733370166, 10.99048842467436]]",17763.117506408747,"[[nan, nan, nan], [nan, nan, nan], [nan, nan, nan]]","[nan, nan, nan, nan, nan, nan]"
0.2510999887743607,0.5699107166394484,0.17898929458619084,-2.0,"[[-11.991551595319905, -12880.943125144951, 25761.886250290117], [-12880.943125144951, -64.40471562572512, 4796.620638128245], [25761.886250290117, 4796.620638128245, 38.198133610523044]]",41294.16239478122,"[[nan, nan, nan], [nan, nan, nan], [nan, nan, nan]]","[nan, nan, nan, nan, nan, nan]"
0.5947955724044182,0.3260964975462625,0.07910793004931946,-2.0,"[[-11.991551595320082, -12880.94312514513, 25761.88625029008], [-12880.94312514513, -64.40471562572512, 4796.620638128033], [25761.88625029008, 4796.620638128033, 38.19813361052269]]",41294.16239478124,"[[nan, nan, nan], [nan, nan, nan], [nan, nan, nan]]","[nan, nan, nan, nan, nan, nan]"
0.7008588447024795,0.2912942052761975,0.007846950021323056,-2.0,"[[-11.99155159532026, 0.0, 25761.88625029008], [0.0, -64.4047156257252, 4796.620638128086], [25761.88625029008, 4796.620638128086, 38.198133610522596]]",37059.01315874613,"[[nan, nan, nan], [nan, nan, nan], [nan, nan, nan]]","[nan, nan, nan, nan, nan, nan]"
0.21305154087003134,0.7231360802285124,0.06381237890145634,-2.0,"[[-11.991551595320615, -12880.94312514481, 25761.88625029026], [-12880.94312514481, -64.40471562572547, 4796.620638128317], [25761.88625029026, 4796.620638128317, 38.19813361052269]]",41294.16239478133,"[[nan, nan, nan], [nan, nan, nan], [nan, nan, nan]]","[nan, nan, nan, nan, nan, nan]"
0.4669402346513521,0.4337274834062176,0.09933228194243032,-2.0,"[[-11.991551595320438, -12880.943125145059, 25761.88625029008], [-12880.943125145059, -64.40471562572564, 4796.620638128208], [25761.88625029008, 4796.620638128208, 38.19813361052233]]",41294.16239478123,"[[nan, nan, nan], [nan, nan, nan], [nan, nan, nan]]","[nan, nan, nan, nan, nan, nan]"
0.2625909287698072,0.08328291871688893,0.6541261525133039,-1.3711430601783952,"[[7.987581372219754, -2241.3212049803196, 4419.874029124439], [-2241.3212049803196, -11.282771337232855, -3194.7852581515153], [4419.874029124439, -3194.7852581515153, 1.57408773516865]]",8338.531862743475,"[[nan, nan, nan], [nan, nan, nan], [nan, nan, nan]]","[nan, nan, nan, nan, nan, nan]"
0.020606827324941988,0.3143358084330263,0.6650573642420317,-1.5466414229769747,"[[7.904755010078013, -3678.8822695733, 7230.55057463295], [-3678.8822695733, -18.472668706304773, -3130.709004973369], [7230.55057463295, -3130.709004973369, 5.102720955629003]]",12297.690036810007,"[[nan, nan, nan], [nan, nan, nan], [nan, nan, nan]]","[nan, nan, nan, nan, nan, nan]"
0.5844633679146625,0.006753952628381218,0.4087826794569563,-1.2053868985359109,"[[6.484891192008213, -1473.2731267738507, 0.0], [-1473.2731267738507, -7.481243645364266, -2635.957909869919], [0.0, -2635.957909869919, 0.4363006985733442]]",4270.563643190221,"[[nan, nan, nan], [nan, nan, nan], [nan, nan, nan]]","[nan, nan, nan, nan, nan, nan]"
0.20255750164492958,0.5687743894857165,0.2286681088693539,-2.0,"[[-11.99155159532026, -12880.943125145022, 25761.886250290045], [-12880.943125145022, -64.40471562572512, 4796.620638128104], [25761.886250290045, 4796.620638128104, 38.19813361052233]]",41294.16239478114,"[[nan, nan, nan], [nan, nan, nan], [nan, nan, nan]]","[nan, nan, nan, nan, nan, nan]"
0.1551395387242246,0.21325621284284085,0.6316042484329345,-1.4751539492003396,"[[8.234123770717794, -2996.0214970963148, 5890.607761753621], [-2996.0214970963148, -15.060532127596282, -3274.0190676058132], [5890.607761753621, -3274.0190676058132, 3.2828002684055946]]",10430.221298471246,"[[nan, nan, nan], [nan, nan, nan], [nan, nan, nan]]","[nan, nan, nan, nan, nan, nan]"
0.06652405786101787,0.4278708740809633,0.505605068058019,-1.6693068383652245,"[[6.004084538207621, -5267.583399182882, 10277.314445991762], [-5267.583399182882, -26.446990938349302, -2333.8974305865177], [10277.314445991762, -2333.8974305865177, 9.780143210602787]]",16662.41998494921,"[[nan, nan, nan], [nan, nan, nan], [nan, nan, nan]]","[nan, nan, nan, nan, nan, nan]"
0.42659550269003854,0.5096381474116011,0.06376634989836039,-2.0,"[[-11.99155159532026, -12880.943125145022, 25761.886250290045], [-12880.943125145022, -64.40471562572512, 4796.620638128104], [25761.886250290045, 4796.620638128104, 38.198133610523044]]",41294.16239478114,"[[nan, nan, nan], [nan, nan, nan], [nan, nan, nan]]","[nan, nan, nan, nan, nan, nan]"
0.2248140466520464,0.6488830733685972,0.1263028799793563,-2.0,"[[-11.991551595319905, -12880.943125144951, 25761.886250290117], [-12880.943125144951, -64.40471562572512, 4796.620638128245], [25761.886250290117, 4796.620638128245, 38.198133610523044]]",41294.16239478122,"[[nan, nan, nan], [nan, nan, nan], [nan, nan, nan]]","[nan, nan, nan, nan, nan, nan]"
0.3662075490497864,0.07886974596199081,0.5549227049882227,-1.3512250414632072,"[[7.864168150796669, -2125.144510992225, 4183.742569915747], [-2125.144510992225, -10.714537830844595, -3149.4303215796826], [4183.742569915747, -3149.4303215796826, 1.3471748856094479]]",7992.364063915257,"[[nan, nan, nan], [nan, nan, nan], [nan, nan, nan]]","[nan, nan, nan, nan, nan, nan]"
0.32006589060106666,0.42027936281617434,0.259654746582759,-1.8286404576670103,"[[-0.11039678424396016, -8427.921848885162, 16008.397667083187], [-8427.921848885162, -42.38173249377173, 233.10661548908485], [16008.397667083187, 233.10661548908485, 19.472121097932416]]",25587.265932336086,"[[nan, nan, nan], [nan, nan, nan], [nan, nan, nan]]","[nan, nan, nan, nan, nan, nan]"
0.23259247143559,0.1242465415001841,0.6431609870642259,-1.4042022493584747,"[[8.143011175028292, -2453.83175870046, 4833.639843372736], [-2453.83175870046, -12.34692867117877, -3250.9246819648215], [4833.639843372736, -3250.9246819648215, 2.01378694967147]]",8939.126034301533,"[[nan, nan, nan], [nan, nan, nan], [nan, nan, nan]]","[nan, nan, nan, nan, nan, nan]"
0.628821513399705,0.08999857888741505,0.28117990771288,-1.2722925601937742,"[[7.19214259620804, -1731.389430014918, 3385.1179251043814], [-1731.389430014918, -8.817205805552586, -2911.627395739096], [3385.1179251043814, -2911.627395739096, 0.7102785940730882]]",6772.6467210557075,"[[nan, nan, nan], [nan, nan, nan], [nan, nan, nan]]","[nan, nan, nan, nan, nan, nan]"
0.6453485307356969,0.03892357021405334,0.31572789905024995,-1.1951994350890158,"[[6.35857752504716, -1437.4395052795917, 2833.6628478440316], [-1437.4395052795917, -7.328418582952301, -2597.657252587906], [2833.6628478440316, -2597.657252587906, 0.4101588465635242]]",5804.093007738798,"[[nan, nan, nan], [nan, nan, nan], [nan, nan, nan]]","[nan, nan, nan, nan, nan, nan]"
0.48238598209448763,0.18686818329261354,0.3307458346128989,-1.4516548536025942,"[[8.244778281917142, -2815.703500327018, 5462.164264102398], [-2815.703500327018, -14.22756697871952, -3268.910886837073], [5462.164264102398, -3268.910886837073, 2.778851032029994]]",9843.712927233819,"[[nan, nan, nan], [nan, nan, nan], [nan, nan, nan]]","[nan, nan, nan, nan, nan, nan]"
0.36882363850371797,0.1505446809954289,0.48063168050085314,-1.4152331227990251,"[[8.1799316197122, -2533.5663586013266, 4964.981398465191], [-2533.5663586013266, -12.770913839916176, -3260.828125478099], [4964.981398465191, -3260.828125478099, 2.1723772321823986]]",9132.701266090224,"[[nan, nan, nan], [nan, nan, nan], [nan, nan, nan]]","[nan, nan, nan, nan, nan, nan]"
0.006949445247966217,0.46422348975468114,0.5288270649973527,-1.6896935600704177,"[[5.490951231351993, -5584.079156155574, 10903.746903499288], [-5584.079156155574, -28.02591341379994, 0.0], [10903.746903499288, 0.0, 10.80166408808072]]",17324.785868629893,"[[nan, nan, nan], [nan, nan, nan], [nan, nan, nan]]","[nan, nan, nan, nan, nan, nan]"
0.37686745181633446,0.006145125111366,0.6169874230722996,-1.2931659986653552,"[[7.404353959669674, -1825.7084369608556, 0.0], [-1825.7084369608556, -9.20867150331901, -2975.943984087106], [0.0, -2975.943984087106, 0.8469360396545333]]",4937.514367353036,"[[nan, nan, nan], [nan, nan, nan], [nan, nan, nan]]","[nan, nan, nan, nan, nan, nan]"
0.2570521832646646,0.5667618239104616,0.1761859928248738,-2.0,"[[-11.991551595320615, -12880.943125145093, 25761.886250289976], [-12880.943125145093, -64.40471562572547, 4796.620638128033], [25761.886250289976, 4796.620638128033, 38.19813361052269]]",41294.16239478108,"[[nan, nan, nan], [nan, nan, nan], [nan, nan, nan]]","[nan, nan, nan, nan, nan, nan]"
0.281746945693816,0.6150318628876038,0.10322119141858027,-2.0,"[[-11.99155159532026, -12880.943125145164, 25761.886250290045], [-12880.943125145164, -64.40471562572512, 4796.620638127962], [25761.886250290045, 4796.620638127962, 38.198133610523044]]",41294.1623947812,"[[nan, nan, nan], [nan, nan, nan], [nan, nan, nan]]","[nan, nan, nan, nan, nan, nan]"
0.07955681223405593,0.04705868352324967,0.8733845042426943,-1.3699149434926405,"[[7.98154997450542, -2232.342883362648, 4417.1882108132], [-2232.342883362648, -11.219406220333283, -3192.6789790226094], [4417.1882108132, -3192.6789790226094, 1.563477938091662]]",8329.249847864985,"[[nan, nan, nan], [nan, nan, nan], [nan, nan, nan]]","[nan, nan, nan, nan, nan, nan]"
0.38874592108911704,0.1809973919504966,0.43025668696038627,-1.4462201915983506,"[[8.24115127319267, -2766.389622874037, 5403.221683910359], [-2766.389622874037, -13.947620244419046, -3275.6005187005676], [5403.221683910359, -3275.6005187005676, 2.692023382561892]]",9754.733181279027,"[[nan, nan, nan], [nan, nan, nan], [nan, nan, nan]]","[nan, nan, nan, nan, nan, nan]"
0.04173331457797696,0.8949385115993173,0.06332817382270574,-2.0,"[[-11.99155159532026, -12880.943125145308, 25761.886250290187], [-12880.943125145308, -64.40471562572512, 4796.620638127962], [25761.886250290187, 4796.620638127962, 38.19813361052269]]",41294.162394781466,"[[nan, nan, nan], [nan, nan, nan], [nan, nan, nan]]","[nan, nan, nan, nan, nan, nan]"
0.31080832663844926,0.2470413309126512,0.4421503424488996,-1.5182292447869932,"[[8.092324822983965, -3400.4339340428123, 6631.538915306532], [-3400.4339340428123, -17.11786481057702, -3197.5641228866357], [6631.538915306532, -3197.5641228866357, 4.281171437262632]]",11468.641075795284,"[[nan, nan, nan], [nan, nan, nan], [nan, nan, nan]]","[nan, nan, nan, nan, nan, nan]"
0.3795573319224147,0.6108380466826804,0.009604621394904846,-2.0,"[[-11.99155159532026, 0.0, 25761.88625029033], [0.0, -64.40471562572547, 4796.620638128317], [25761.88625029033, 4796.620638128317, 38.198133610523044]]",37059.01315874654,"[[nan, nan, nan], [nan, nan, nan], [nan, nan, nan]]","[nan, nan, nan, nan, nan, nan]"
0.19136426634041928,0.24342268313399573,0.565213050525585,-1.5028289515345,"[[8.162644781449657, -3245.674101977798, 6365.380544908774], [-3245.674101977798, -16.31880462405917, -3237.391925549673], [6365.380544908774, -3237.391925549673, 3.90975981744468]]",11093.54320733955,"[[nan, nan, nan], [nan, nan, nan], [nan, nan, nan]]","[nan, nan, nan, nan, nan, nan]"
0.04582161513223861,0.04212751762685489,0.9120508672409066,-1.3706571589088672,"[[7.985867955881432, -2236.6229551744254, 4427.515266318558], [-2236.6229551744254, -11.23844280821018, -3194.3172530155193], [4427.515266318558, -3194.3172530155193, 1.5729088392061996]]",8343.756068506878,"[[nan, nan, nan], [nan, nan, nan], [nan, nan, nan]]","[nan, nan, nan, nan, nan, nan]"
0.8075920383030525,0.0030984531824578315,0.18930950851448966,1.7121381842383143,"[[-10.024326691846897, 5245.516914711272, 0.0], [5245.516914711272, 25.80028914418446, 3427.855825830166], [0.0, 3427.855825830166, 0.0]]",8861.831225680462,"[[nan, nan, nan], [nan, nan, nan], [nan, nan, nan]]","[nan, nan, nan, nan, nan, nan]"
0.0711440955020947,0.4653125830695637,0.46354332142834165,-1.7196232243082403,"[[4.605366185214166, -6098.384037774948, 11863.701175115437], [-6098.384037774948, -30.614735494330603, -1757.4277485531552], [11863.701175115437, -1757.4277485531552, 12.39349732171835]]",19027.706208111886,"[[nan, nan, nan], [nan, nan, nan], [nan, nan, nan]]","[nan, nan, nan, nan, nan, nan]"
0.27474230432665353,0.15817090809419126,0.5670867875791553,-1.428423683470623,"[[8.21426106065104, -2626.532569780231, 5160.447075674526], [-2626.532569780231, -13.220895820464218, -3273.549278171561], [5160.447075674526, -3273.549278171561, 2.3905185327082634]]",9406.92683376953,"[[nan, nan, nan], [nan, nan, nan], [nan, nan, nan]]","[nan, nan, nan, nan, nan, nan]"
0.27259892310014505,0.5089204911924157,0.2184805857074395,-2.0,"[[-11.991551595319905, -12880.943125145093, 25761.886250289976], [-12880.943125145093, -64.40471562572512, 4796.620638128104], [25761.886250289976, 4796.620638128104, 38.198133610523044]]",41294.1623947811,"[[nan, nan, nan], [nan, nan, nan], [nan, nan, nan]]","[nan, nan, nan, nan, nan, nan]"
0.022160851381987208,0.6898258734178371,0.2880132752001758,-2.0,"[[-11.99155159532026, -12880.943125145164, 25761.886250289903], [-12880.943125145164, -64.40471562572547, 4796.620638128033], [25761.886250289903, 4796.620638128033, 38.19813361052233]]",41294.16239478104,"[[nan, nan, nan], [nan, nan, nan], [nan, nan, nan]]","[nan, nan, nan, nan, nan, nan]"
0.5338194575409528,0.4632809554250791,0.0028995870339681893,-2.0,"[[-11.99155159532026, 0.0, 25761.886250289976], [0.0, -64.40471562572493, 4796.620638128066], [25761.886250289976, 4796.620638128066, 38.19813361052233]]",37059.01315874598,"[[nan, nan, nan], [nan, nan, nan], [nan, nan, nan]]","[nan, nan, nan, nan, nan, nan]"
0.17224932344583227,0.5432981986585443,0.2844524778956234,-1.9671501888027583,"[[-9.790237628096321, -12259.885972552665, 23327.439315022926], [-12259.885972552665, -61.55137382004199, 4110.424591547428], [23327.439315022926, 4110.424591547428, 32.799297220853774]]",37719.28683010865,"[[nan, nan, nan], [nan, nan, nan], [nan, nan, nan]]","[nan, nan, nan, nan, nan, nan]"
0.252949720552747,0.5068282957474141,0.24022198369983888,-1.993700056962969,"[[-11.901987901750921, -12863.030386431084, 24846.485380856684], [-12863.030386431084, -64.3151519321556, 4749.418928682303], [24846.485380856684, 4749.418928682303, 35.67118955208528]]",40133.90441829512,"[[nan, nan, nan], [nan, nan, nan], [nan, nan, nan]]","[nan, nan, nan, nan, nan, nan]"
0.49133925747304497,0.24422360411531624,0.2644371384116387,-1.5494969650785702,"[[7.8733293958384465, -3751.1333136355415, 7190.670885926415], [-3751.1333136355415, -18.94996617987088, -3070.0651690872323], [7190.670885926415, -3070.0651690872323, 5.09087166729536]]",12263.953079865636,"[[nan, nan, nan], [nan, nan, nan], [nan, nan, nan]]","[nan, nan, nan, nan, nan, nan]"
0.7822214619764178,0.10816277858685665,0.10961575943672558,-1.1319612231334806,"[[5.544231358407714, -1239.851179967557, 2441.7047874933037], [-1239.851179967557, -6.4556466352673425, -2345.1816265213665], [2441.7047874933037, -2345.1816265213665, 0.3272493540742216]]",5098.836404434163,"[[nan, nan, nan], [nan, nan, nan], [nan, nan, nan]]","[nan, nan, nan, nan, nan, nan]"
0.26028831350988213,0.21316493228900912,0.5265467542011087,-1.4783530331365096,"[[8.229182665354884, -3027.1273614241422, 5931.948152810733], [-3027.1273614241422, -15.231775782412882, -3267.441569379912], [5931.948152810733, -3267.441569379912, 3.343228144819932]]",10490.742472393158,"[[nan, nan, nan], [nan, nan, nan], [nan, nan, nan]]","[nan, nan, nan, nan, nan, nan]"
0.139190274175377,0.40111960054375295,0.45969012528087005,-1.6638698122086963,"[[6.126747781920017, -5192.0757498439225, 10106.22119152984], [-5192.0757498439225, -26.080023442542988, -2377.3852855694954], [10106.22119152984, -2377.3852855694954, 9.5047158470706]]",16416.19457623652,"[[nan, nan, nan], [nan, nan, nan], [nan, nan, nan]]","[nan, nan, nan, nan, nan, nan]"
0.032369634660861436,0.536952788904474,0.4306775764346646,-1.8036594335026443,"[[1.2803103175677677, -7754.311390639543, 15037.14437527705], [-7754.311390639543, -38.91213693859221, -404.0786143641384], [15037.14437527705, -404.0786143641384, 17.853827311714454]]",23933.6270928118,"[[nan, nan, nan], [nan, nan, nan], [nan, nan, nan]]","[nan, nan, nan, nan, nan, nan]"
0.0531623194728193,0.3502863258346298,0.5965513546925508,-1.5832148954021104,"[[7.534558789917867, -4094.4653046160793, 8027.103489729939], [-4094.4653046160793, -20.560804961237977, -2972.0744322288792], [8027.103489729939, -2972.0744322288792, 6.269367295235817]]",13418.831723132202,"[[nan, nan, nan], [nan, nan, nan], [nan, nan, nan]]","[nan, nan, nan, nan, nan, nan]"
0.5676525961824862,0.054126850232182895,0.37822055358533097,-1.263353568820664,"[[7.109946825892921, -1693.4703823748707, 3329.14228545234], [-1693.4703823748707, -8.591419019369129, -2873.7796609901434], [3329.14228545234, -2873.7796609901434, 0.6636913579534554]]",6664.788403969592,"[[nan, nan, nan], [nan, nan, nan], [nan, nan, nan]]","[nan, nan, nan, nan, nan, nan]"
0.26194241757643716,0.6687571153718798,0.06930046705168309,-2.0,"[[-11.99155159532026, -12880.943125145022, 25761.886250290045], [-12880.943125145022, -64.40471562572512, 4796.620638128104], [25761.886250290045, 4796.620638128104, 38.19813361052269]]",41294.16239478114,"[[nan, nan, nan], [nan, nan, nan], [nan, nan, nan]]","[nan, nan, nan, nan, nan, nan]"
0.6832528551545924,0.2328803238068882,0.08386682103851938,-1.6508892281402234,"[[6.235724756458794, -5317.241325313162, 9281.537004739988], [-5317.241325313162, -27.25911871736013, -2096.7406470026262], [9281.537004739988, -2096.7406470026262, 8.250114395895203]]",15415.364467106889,"[[nan, nan, nan], [nan, nan, nan], [nan, nan, nan]]","[nan, nan, nan, nan, nan, nan]"
0.5025725667166385,0.3967672756962768,0.10066015758708474,-2.0,"[[-11.99155159532026, -12880.943125145093, 25761.886250289976], [-12880.943125145093, -64.40471562572529, 4796.620638128066], [25761.886250289976, 4796.620638128066, 38.198133610522866]]",41294.16239478109,"[[nan, nan, nan], [nan, nan, nan], [nan, nan, nan]]","[nan, nan, nan, nan, nan, nan]"
0.13436993780487985,0.6948926522150607,0.1707374099800594,-2.0,"[[-11.991551595320615, -12880.943125145093, 25761.886250290117], [-12880.943125145093, -64.40471562572547, 4796.620638128033], [25761.886250290117, 4796.620638128033, 38.19813361052269]]",41294.16239478126,"[[nan, nan, nan], [nan, nan, nan], [nan, nan, nan]]","[nan, nan, nan, nan, nan, nan]"
0.06716606626226694,0.3597027693972551,0.573131164340478,-1.5951725159403263,"[[7.379751255515998, -4240.930218898881, 8306.135142542957], [-4240.930218898881, -21.297224353576993, -2906.107143932601], [8306.135142542957, -2906.107143932601, 6.689192374634878]]",13814.70993171171,"[[nan, nan, nan], [nan, nan, nan], [nan, nan, nan]]","[nan, nan, nan, nan, nan, nan]"
0.806316381470417,0.09800754423413631,0.09567607429544671,-1.0628382693378984,"[[4.687202929564105, -1079.10900611639, 2147.895589850597], [-1079.10900611639, -5.623887704149899, -2016.6761638958874], [2147.895589850597, -2016.6761638958874, 0.3522289479553464]]",4437.328322996102,"[[nan, nan, nan], [nan, nan, nan], [nan, nan, nan]]","[nan, nan, nan, nan, nan, nan]"
0.06837938383603256,0.4852268227097797,0.44639379345418767,-1.746593028735795,"[[3.6802696657233014, -6592.276313927669, 12806.489130960797], [-6592.276313927669, -33.09133099371557, -1378.5128992358152], [12806.489130960797, -1378.5128992358152, 13.986715343561329]]",20462.90403527013,"[[nan, nan, nan], [nan, nan, nan], [nan, nan, nan]]","[nan, nan, nan, nan, nan, nan]"
0.002710349798046622,0.699807607397059,0.2974820428048943,-2.0,"[[-11.99155159532026, -12880.943125145164, 25761.886250290187], [-12880.943125145164, -64.40471562572512, 0.0], [25761.886250290187, 0.0, 0.0]]",40733.17136802553,"[[nan, nan, nan], [nan, nan, nan], [nan, nan, nan]]","[nan, nan, nan, nan, nan, nan]"
0.12515081366161035,0.8407784088340052,0.03407077750438441,-2.0,"[[-11.99155159532026, -12880.943125145308, 25761.886250289903], [-12880.943125145308, -64.40471562572583, 4796.620638128104], [25761.886250289903, 4796.620638128104, 38.19813361052269]]",41294.162394781146,"[[nan, nan, nan], [nan, nan, nan], [nan, nan, nan]]","[nan, nan, nan, nan, nan, nan]"
0.21141640236530937,0.5199225077947739,0.2686610898399169,-1.9608071682606496,"[[-9.279500577494204, -12081.240586669466, 22922.944221011858], [-12081.240586669466, -60.672135559116924, 3917.8094037140454], [22922.944221011858, 3917.8094037140454, 32.00958088762391]]",37061.28363431728,"[[nan, nan, nan], [nan, nan, nan], [nan, nan, nan]]","[nan, nan, nan, nan, nan, nan]"
0.4061507454560075,0.10970174943538073,0.4841475051086117,-1.3709359884026164,"[[7.985178725110398, -2242.1831867348806, 4401.477940428879], [-2242.1831867348806, -11.312236224275996, -3193.6011410312835], [4401.477940428879, -3193.6011410312835, 1.5660764599706667]]",8318.60310895243,"[[nan, nan, nan], [nan, nan, nan], [nan, nan, nan]]","[nan, nan, nan, nan, nan, nan]"
0.25987092980847437,0.08284901657429444,0.6572800536172313,-1.371193359177529,"[[7.987881735179592, -2241.597185015323, 4420.693784746881], [-2241.597185015323, -11.283802450790592, -3194.899583243167], [4420.693784746881, -3194.899583243167, 1.5747697528079918]]",8339.636878252164,"[[nan, nan, nan], [nan, nan, nan], [nan, nan, nan]]","[nan, nan, nan, nan, nan, nan]"
0.005669829389121174,0.42455084187113395,0.569779328739745,-1.6452543255308245,"[[6.536373300919429, -4905.592575657671, 9600.214513544535], [-4905.592575657671, -24.62343187134497, 0.0], [9600.214513544535, 0.0, 8.69478557387886]]",15246.594343843048,"[[nan, nan, nan], [nan, nan, nan], [nan, nan, nan]]","[nan, nan, nan, nan, nan, nan]"
0.02927000375496641,0.11274573533072554,0.8579842609143081,-1.41029651256403,"[[8.16483425248471, -2493.0933967676337, 4928.432387721812], [-2493.0933967676337, -12.524352835346875, -3260.415200984461], [4928.432387721812, -3260.415200984461, 2.1107906513476493]]",9070.323231048273,"[[nan, nan, nan], [nan, nan, nan], [nan, nan, nan]]","[nan, nan, nan, nan, nan, nan]"
0.028046627893045854,0.3027991682093703,0.6691542038975838,-1.5381624647804697,"[[7.969630236234693, -3589.5543457707645, 7056.605075311566], [-3589.5543457707645, -18.025311934463595, -3158.311016992492], [7056.605075311566, -3158.311016992492, 4.855533844849802]]",12054.518660797166,"[[nan, nan, nan], [nan, nan, nan], [nan, nan, nan]]","[nan, nan, nan, nan, nan, nan]"
0.04683834220646466,0.39614622733101695,0.5570154304625184,-1.6272902826612337,"[[6.876388354032947, -4657.429361074854, 9112.266051242166], [-4657.429361074854, -23.383893448060533, -2697.084784608421], [9112.266051242166, -2697.084784608421, 7.927634617468726]]",14966.605202695699,"[[nan, nan, nan], [nan, nan, nan], [nan, nan, nan]]","[nan, nan, nan, nan, nan, nan]"
0.27337054149074574,0.5848479708740604,0.14178148763519383,-2.0,"[[-11.99155159532026, -12880.943125145164, 25761.886250290045], [-12880.943125145164, -64.40471562572547, 4796.6206381281745], [25761.886250290045, 4796.6206381281745, 38.19813361052269]]",41294.16239478125,"[[nan, nan, nan], [nan, nan, nan], [nan, nan, nan]]","[nan, nan, nan, nan, nan, nan]"
0.5553615909979677,0.00947151408929043,0.43516689491274185,-1.225426298976226,"[[6.711812600404965, -1544.5797357133627, 0.0], [-1544.5797357133627, -7.832133678324027, -2720.126404893204], [0.0, -2720.126404893204, 0.49888394655939194]]",4423.769329065283,"[[nan, nan, nan], [nan, nan, nan], [nan, nan, nan]]","[nan, nan, nan, nan, nan, nan]"
0.3688425013161389,0.176652928843707,0.4545045698401541,-1.4420326738517224,"[[8.236857602445546, -2732.7169384100002, 5344.535111355312], [-2732.7169384100002, -13.773175718444541, -3276.0688381574355], [5344.535111355312, -3276.0688381574355, 2.6185010768074335]]",9671.045099232977,"[[nan, nan, nan], [nan, nan, nan], [nan, nan, nan]]","[nan, nan, nan, nan, nan, nan]"
0.5363314193198064,0.07971913004261655,0.383949450637577,-1.3053433324722699,"[[7.506221510199129, -1884.269899350741, 3695.609495472407], [-1884.269899350741, -9.544994781373628, -3020.4921975213315], [3695.609495472407, -3020.4921975213315, 0.9303289533749926]]",7256.920816684121,"[[nan, nan, nan], [nan, nan, nan], [nan, nan, nan]]","[nan, nan, nan, nan, nan, nan]"
0.3004245132414283,0.0049814484780864145,0.6945940382804852,-1.311292705834269,"[[7.563959753891059, -1912.459282482306, 0.0], [-1912.459282482306, -9.63402775479194, -3035.3733565608995], [0.0, -3035.3733565608995, 0.0]]",5073.67065049782,"[[nan, nan, nan], [nan, nan, nan], [nan, nan, nan]]","[nan, nan, nan, nan, nan, nan]"
0.4685064804138388,0.5232201613695964,0.008273358216564821,-2.0,"[[-11.99155159532026, 0.0, 25761.886250289903], [0.0, -64.40471562572476, 4796.620638127891], [25761.886250289903, 4796.620638127891, 38.19813361052233]]",37059.01315874583,"[[nan, nan, nan], [nan, nan, nan], [nan, nan, nan]]","[nan, nan, nan, nan, nan, nan]"
0.23716235646441913,0.388168275070701,0.3746693684648798,-1.6909416976369445,"[[5.435286145493379, -5634.898563408299, 10896.794675580992], [-5634.898563408299, -28.323992590324387, -2076.58173754087], [10896.794675580992, -2076.58173754087, 10.786560978580795]]",17595.73140308491,"[[nan, nan, nan], [nan, nan, nan], [nan, nan, nan]]","[nan, nan, nan, nan, nan, nan]"
0.0,0.5,0.5,-1.7308791515300044,"[[4.242858516023595, -6291.081405920202, 12261.40310605718], [-6291.081405920202, -31.570010727343245, 0.0], [12261.40310605718, 0.0, 0.0]]",19489.495566527956,"[[nan, nan, nan], [nan, nan, nan], [nan, nan, nan]]","[nan, nan, nan, nan, nan, nan]"
0.6081328384058217,0.007641497267827107,0.38422566432635125,-1.1900705400149547,"[[6.3057857847601095, -1421.948226454317, 0.0], [-1421.948226454317, -7.2303073871156975, -2570.1098471871296], [0.0, -2570.1098471871296, 0.3989069944957624]]",4153.9011748061275,"[[nan, nan, nan], [nan, nan, nan], [nan, nan, nan]]","[nan, nan, nan, nan, nan, nan]"
0.6458924084572357,0.298688574221857,0.05541901732090722,-2.0,"[[-11.991551595320349, -12880.94312514497, 25761.886250290136], [-12880.94312514497, -64.4047156257252, 4796.620638128193], [25761.886250290136, 4796.620638128193, 38.198133610522866]]",41294.16239478124,"[[nan, nan, nan], [nan, nan, nan], [nan, nan, nan]]","[nan, nan, nan, nan, nan, nan]"
0.25238496921943526,0.32783950742068685,0.41977552335987794,-1.6073233124629418,"[[7.198523543085145, -4409.878095146524, 8571.004503479144], [-4409.878095146524, -22.17636914631349, -2813.6671008773105], [8571.004503479144, -2813.6671008773105, 7.1002215438142]]",14200.433977797304,"[[nan, nan, nan], [nan, nan, nan], [nan, nan, nan]]","[nan, nan, nan, nan, nan, nan]"
0.3194091545908109,0.5223915860171119,0.15819925939207724,-2.0,"[[-11.991551595320615, -12880.943125145093, 25761.886250289976], [-12880.943125145093, -64.40471562572547, 4796.620638128033], [25761.886250289976, 4796.620638128033, 38.19813361052269]]",41294.16239478108,"[[nan, nan, nan], [nan, nan, nan], [nan, nan, nan]]","[nan, nan, nan, nan, nan, nan]"
0.2473163147893024,0.701973588760391,0.0507100964503067,-2.0,"[[-11.991551595320615, -12880.943125145093, 25761.886250290117], [-12880.943125145093, -64.40471562572512, 4796.620638127962], [25761.886250290117, 4796.620638127962, 38.19813361052233]]",41294.16239478124,"[[nan, nan, nan], [nan, nan, nan], [nan, nan, nan]]","[nan, nan, nan, nan, nan, nan]"
0.09305130998117282,0.181726656263583,0.7252220337552442,-1.4512307650256977,"[[8.244597346721783, -2797.2869826075807, 5513.978528754784], [-2797.2869826075807, -14.056285219275999, -3284.6228853284388], [5513.978528754784, -3284.6228853284388, 2.8053803126775634]]",9901.278492074349,"[[nan, nan, nan], [nan, nan, nan], [nan, nan, nan]]","[nan, nan, nan, nan, nan, nan]"
0.38118446029170644,0.1228606831632944,0.4959548565449992,-1.3872232023576265,"[[8.070314093751207, -2344.06217067189, 4600.658818198866], [-2344.06217067189, -11.81969113985497, -3223.894782648937], [4600.658818198866, -3223.894782648937, 1.7712903402224534]]",8608.634105048941,"[[nan, nan, nan], [nan, nan, nan], [nan, nan, nan]]","[nan, nan, nan, nan, nan, nan]"
0.19482492426368353,0.16761364280244317,0.6375614329338732,-1.4391482231558905,"[[8.233223467727946, -2705.2726792672743, 5323.824602895328], [-2705.2726792672743, -13.605334686029735, -3280.4983014179356], [5323.824602895328, -3280.4983014179356, 2.5793504156937708]]",9635.705220611937,"[[nan, nan, nan], [nan, nan, nan], [nan, nan, nan]]","[nan, nan, nan, nan, nan, nan]"
0.1611104716160096,0.2777606752795624,0.561128853104428,-1.5318954851557474,"[[8.012173114174104, -3529.9051595933406, 6917.882741729642], [-3529.9051595933406, -17.741566555366717, -3170.9651475673436], [6917.882741729642, -3170.9651475673436, 4.666833007324911]]",11863.604207815379,"[[nan, nan, nan], [nan, nan, nan], [nan, nan, nan]]","[nan, nan, nan, nan, nan, nan]"
0.3640523282653846,0.16003565912492654,0.4759120126096889,-1.4250552536722814,"[[8.206537699808614, -2604.324875243016, 5101.018456802357], [-2604.324875243016, -13.125959862575076, -3268.9509376733913], [5101.018456802357, -3268.9509376733913, 2.3288307248812146]]",9326.206100674757,"[[nan, nan, nan], [nan, nan, nan], [nan, nan, nan]]","[nan, nan, nan, nan, nan, nan]"
0.3099020422902911,0.007510609134802225,0.6825873485749067,-1.3108394968396853,"[[7.560000292697566, -1910.2479906614533, 0.0], [-1910.2479906614533, -9.624156529391925, -3034.0199175555326], [0.0, -3034.0199175555326, 0.9782299314673892]]",5070.384524553017,"[[nan, nan, nan], [nan, nan, nan], [nan, nan, nan]]","[nan, nan, nan, nan, nan, nan]"
0.7855671727086284,0.1936033243817089,0.020829502909662536,-1.4861394143345046,"[[8.205121426292683, -3467.123634782263, 5338.172457793968], [-3467.123634782263, -19.28538429974216, -2691.5745296291147], [5338.172457793968, -2691.5745296291147, 3.0127813970463713]]",9773.620526705803,"[[nan, nan, nan], [nan, nan, nan], [nan, nan, nan]]","[nan, nan, nan, nan, nan, nan]"
0.00851620037308765,0.24700873952899402,0.7444750600979183,-1.4948337997758576,"[[8.190400401716502, -3166.384225680971, 6239.210163746236], [-3166.384225680971, -15.900749664974079, 0.0], [6239.210163746236, 0.0, 3.7317059531044805]]",9894.836982295321,"[[nan, nan, nan], [nan, nan, nan], [nan, nan, nan]]","[nan, nan, nan, nan, nan, nan]"
0.08321767099096704,0.6851003477854083,0.23168198122362482,-2.0,"[[-11.99155159532026, -12880.943125145022, 25761.886250290045], [-12880.943125145022, -64.40471562572547, 4796.6206381281745], [25761.886250290045, 4796.6206381281745, 38.19813361052233]]",41294.16239478116,"[[nan, nan, nan], [nan, nan, nan], [nan, nan, nan]]","[nan, nan, nan, nan, nan, nan]"
0.15108776118664244,0.08479212397096816,0.7641201148423895,-1.384703397595101,"[[8.059326719561888, -2324.5270275809203, 4591.393863762824], [-2324.5270275809203, -11.688334954047797, -3221.479649022214], [4591.393863762824, -3221.479649022214, 1.7467457752464277]]",8586.309679220565,"[[nan, nan, nan], [nan, nan, nan], [nan, nan, nan]]","[nan, nan, nan, nan, nan, nan]"
0.08301312174629939,0.21198005034754594,0.7050068279061547,-1.472520669010336,"[[8.237528926780868, -2971.7881842918814, 5853.287781433635], [-2971.7881842918814, -14.931113239324745, -3277.8537700622933], [5853.287781433635, -3277.8537700622933, 3.2311838288677563]]",10376.606267973733,"[[nan, nan, nan], [nan, nan, nan], [nan, nan, nan]]","[nan, nan, nan, nan, nan, nan]"
0.02051289329270679,0.12787701864042053,0.8516100880668727,-1.4193844889208493,"[[8.192413547579669, -2556.7974253413795, 5053.124752611459], [-2556.7974253413795, -12.843371149945604, -3270.139272810404], [5053.124752611459, -3270.139272810404, 2.2526859587460812]]",9248.266029312957,"[[nan, nan, nan], [nan, nan, nan], [nan, nan, nan]]","[nan, nan, nan, nan, nan, nan]"
0.28804834370036164,0.10857164731210875,0.6033800089875296,-1.3868229336818374,"[[8.068970392049657, -2339.744777055657, 4606.748267244107], [-2339.744777055657, -11.781174375028858, -3224.2545994410143], [4606.748267244107, -3224.2545994410143, 1.7703334348129651]]",8613.066406425647,"[[nan, nan, nan], [nan, nan, nan], [nan, nan, nan]]","[nan, nan, nan, nan, nan, nan]"
0.6489581284702984,0.005376722175577186,0.3456651493541243,-1.1546589524460684,"[[5.879483905609062, -1313.523671102006, 0.0], [-1313.523671102006, -6.69743220717951, -2412.173484535955], [0.0, -2412.173484535955, 0.34324414437241213]]",3884.318505199201,"[[nan, nan, nan], [nan, nan, nan], [nan, nan, nan]]","[nan, nan, nan, nan, nan, nan]"
0.6706586919062235,0.07302582408088956,0.256315484012887,-1.2172770964355282,"[[6.603905407990585, -1512.2396637154445, 2967.537442833503], [-1512.2396637154445, -7.729096889490705, -2697.9118914304577], [2967.537442833503, -2697.9118914304577, 0.47015152342195776]]",6061.670996487484,"[[nan, nan, nan], [nan, nan, nan], [nan, nan, nan]]","[nan, nan, nan, nan, nan, nan]"
0.06894925968727565,0.36979471915589956,0.5612560211568248,-1.6057178710627447,"[[7.228805134318961, -4373.935268057991, 8561.590849409697], [-4373.935268057991, -21.96467190927276, -2842.67029127367], [8561.590849409697, -2842.67029127367, 7.077608872156205]]",14178.378918920092,"[[nan, nan, nan], [nan, nan, nan], [nan, nan, nan]]","[nan, nan, nan, nan, nan, nan]"
